loop conditions
---------------------------------------------
row_num : 10
distribute_R : True
lambda (exponent) : 2
distribute_C : False
e : 1
C : 1
Cg : 10
R : 10
Rg : 1000
---------------------------------------------


loop parameters : 4
---------------------------------------------
Var(R_t_ij) : 4.013065715774346
Var(R_t_i) : 1.6099426404914845
Rg : [1000 1000 1000 1000 1000 1000 1000 1000 1000 1000 1000 1000 1000 1000
 1000 1000 1000 1000 1000 1000 1000 1000 1000 1000 1000 1000 1000 1000
 1000 1000 1000 1000 1000 1000 1000 1000 1000 1000 1000 1000 1000 1000
 1000 1000 1000 1000 1000 1000 1000 1000 1000 1000 1000 1000 1000 1000
 1000 1000 1000 1000 1000 1000 1000 1000 1000 1000 1000 1000 1000 1000
 1000 1000 1000 1000 1000 1000 1000 1000 1000 1000 1000 1000 1000 1000
 1000 1000 1000 1000 1000 1000 1000 1000 1000 1000 1000 1000 1000 1000
 1000 1000]
Cg : [10 10 10 10 10 10 10 10 10 10 10 10 10 10 10 10 10 10 10 10 10 10 10 10
 10 10 10 10 10 10 10 10 10 10 10 10 10 10 10 10 10 10 10 10 10 10 10 10
 10 10 10 10 10 10 10 10 10 10 10 10 10 10 10 10 10 10 10 10 10 10 10 10
 10 10 10 10 10 10 10 10 10 10 10 10 10 10 10 10 10 10 10 10 10 10 10 10
 10 10 10 10]
default_dt : 504.01814997712285
T0 : 0.001
T_std : 0.0001
T : [0.001      0.00111111 0.00122222 0.00133333 0.00144444 0.00155556
 0.00166667 0.00177778 0.00188889 0.002     ]
---------------------------------------------
steady_state_rep : 100
expected_error : 0.12727922061357855
error_count : 0
resolution : 1e-06
